C Matrix
 1.000000000000  4.000000000000  9.000000000000  16.000000000000 25.000000000000 36.000000000000 49.000000000000
 7.305051378237  14.384770946577 18.610102756474 17.848872561715 11.305051378237 0.000000000000 -13.305051378237
 7.615946745062  8.615946745062  0.000000000000 -10.615946745062-11.615946745062-0.000000000000  13.615946745061
 5.965634224467  0.000000000000 -7.965634224467 -0.000000000000  9.965634224467  0.000000000000 -11.965634224467
 7.615946745061 -8.615946745061 -0.000000000000  10.615946745062-11.615946745061-0.000000000000  13.615946745062
 7.305051378237 -14.384770946577 18.610102756474-17.848872561715 11.305051378237 0.000000000000 -13.305051378237
 1.000000000000 -4.000000000000  9.000000000000 -16.000000000000 25.000000000000-36.000000000000 49.000000000000

C Inverse Matrix
 0.000104039532  0.011309717190  0.034000684151  0.053080859325  0.034000684151  0.011309717190  0.000104039532 
 0.000000000000  0.017318422095  0.029117921968  0.000000000000 -0.029117921968 -0.017318422095 -0.000000000000 
-0.000063954991  0.017910079795 -0.000722185883 -0.041997200687 -0.000722185883  0.017910079795 -0.000063954991 
-0.000000000000  0.014055703750 -0.023466728025 -0.000000000000  0.023466728025 -0.014055703750 -0.000000000000 
 0.007534487585  0.002057893890 -0.013397424000  0.026641445497 -0.013397424000  0.002057893890  0.007534487585 
 0.013888888889 -0.008171248566  0.007194332237 -0.000000000000 -0.007194332237  0.008171248566 -0.013888888889 
 0.006369578893 -0.004570362910  0.006274175282 -0.006962085522  0.006274175282 -0.004570362910  0.006369578893 

Fourier Coefficients a_n
 0.143909741073 
-0.000000000000 
-0.007749322845 
-0.000000000000 
 0.019031360447 
 0.000000000000 
 0.009184697007 

Fourier Coefficients b_n
 419.738336588039
 0.000000000000 
-1072.582548830276
-0.000000000000 
 310.503288271731
 0.000000000000 
 30.047671001593

Fourier Coefficients c_n
 0.000000000000 
 0.000000000000 
 0.000000000000 
 0.000000000000 
 0.000000000000 
 0.000000000000 
 0.000000000000 

Fourier Coefficients d_n
-0.000000000000 
 0.059114308944 
-0.000000000000 
 0.000878465007 
-0.000000000000 
 0.020819092336 
 0.000000000000 

